x <- 7
x
y <- 9
y
